Coordinates
1 (done)

2 rect
    (175,40,
    198,59)

3 rect
    (211,480,
    266,496)

4 unknown

5 unknown

6 poly
    (96,175,
    83,198,
    165,246
    178,222)
    
7 unknown

8 circle
    (368,305,10)

9 poly
    (476,291,
    488,301,
    449,360,
    435,351)

10 rect
    (467,56,
    579,114)

11 (done)

12 poly
    (164,94,
    187,193,
    182,204,
    179,143,
    70,109,
    103,59)

13 poly
    (237,268,
    312,260,
    327,238,
    306,204,
    305,157,
    285,160,
    289,195,
    265,245)

14

15 (done)
16 
17
18 poly 
   (225,363,
    155,320,
    158,313,
    151,308,
    160,296,
    164,298,
    167,290,
    172,292,
    177,284,
    247,328,
    225,363)

19 circle
    (638,230,7)
20 circle
    (384,282,7)

21 (done)

22 (done)

23 (done)

24
25 
26
27
28
29
30
31
32 (done)
33
34
35
36
37
38
39
40